TITLE:Goin' Under
OFFSET:0.000000
BPMS:210.000000

NOTES:
000
000
000
000
,
000
000
000
000
,
000
000
000
000
,
000
000
000
000
,
000
000
000
000
,
000
000
000
000
,
000
000
000
000
,
000
000
000
000
,
100
001
000
010
,
000
001
000
100
,
001
001
000
010
,
000
100
000
001
,
010
001
000
010
,
000
001
000
100
,
010
001
000
010
,
000
100
001
100
,
001
010
000
001
,
000
100
000
001
,
100
010
000
001
,
000
001
000
100
,
001
010
000
001
,
000
100
000
001
,
001
010
000
001
,
000
001
100
001
,
100
000
001
000
,
020
000
031
000
,
002
000
013
000
,
200
000
301
000
,
020
000
031
000
,
200
000
320
000
,
032
000
103
000
,
100
000
001
000
,
010
000
001
000
,
200
000
310
000
,
002
000
103
000
,
020
000
031
000
,
200
000
301
000
,
002
000
023
000
,
230
000
301
000
,
100
000
001
000
,
010
001
100
000
,
001
001
010
000
,
001
001
100
000
,
001
010
001
000
,
010
001
100
000
,
010
001
100
000
,
001
010
100
000
,
001
100
001
100
,
001
001
000
010
,
000
100
000
001
,
010
001
000
010
,
000
001
000
100
,
010
001
000
001
,
000
100
000
001
,
010
001
000
100
,
000
001
010
001
,
010
000
000
000
,
002
000
103
000
,
020
000
030
001
,
002
000
003
000
,
200
000
300
001
,
020
000
032
000
,
203
000
000
000
,
300
000
000
000
,
000
000
000
000
,
002
000
013
000
,
020
000
030
100
,
002
000
003
000
,
020
000
030
001
,
200
000
320
000
,
032
000
003
000
,
000
000
000
000
,
101
000
100
001
,
010
000
010
000
,
001
000
001
000
,
100
000
100
000
,
010
000
001
010
,
100
000
100
000
,
001
000
001
000
,
010
000
010
000
,
001
000
100
010
,
001
000
001
000
,
001
000
001
000
,
100
000
100
000
,
001
000
010
001
,
100
000
100
000
,
010
000
010
000
,
001
000
001
010
,
100
001
000
010
,
000
001
000
100
,
010
001
000
010
,
000
100
000
001
,
010
001
000
010
,
000
001
000
100
,
010
001
000
010
,
000
100
000
001
,
100
010
000
001
,
000
001
000
100
,
001
010
000
001
,
000
100
000
001
,
001
010
000
001
,
000
001
000
100
,
001
010
000
001
,
000
100
000
001
,
010
000
000
000