TITLE:Katyusha-Kalinka
OFFSET:0.000000
BPMS:320.000000

NOTES:
001
000
000
000
,
000
000
000
001
,
000
000
000
001
,
000
000
000
001
,
000
000
000
001
,
000
000
000
100
,
000
000
000
100
,
000
000
000
100
,
000
000
000
100
,
000
000
000
111
,
000
000
000
111
,
000
000
000
111
,
000
000
000
000
,
000
000
000
001
,
000
000
000
001
,
000
000
000
100
,
000
000
000
001
,
000
000
000
001
,
000
000
000
001
,
000
000
000
100
,
000
000
000
001
,
000
000
000
001
,
000
000
000
001
,
000
000
000
100
,
000
000
000
010
,
000
000
000
010
,
000
000
000
010
,
000
000
000
011
,
000
000
000
100
,
000
000
000
001
,
000
000
000
100
,
000
000
000
001
,
000
000
000
001
,
000
000
000
100
,
000
000
000
001
,
000
000
000
100
,
000
000
000
101
,
000
000
000
001
,
000
000
000
101
,
000
000
000
000
,
000
000
000
100
,
000
000
000
011
,
000
000
000
100
,
000
000
000
001
,
000
000
000
001
,
000
000
000
100
,
000
000
000
100
,
000
000
000
001
,
000
000
000
100
,
000
000
000
001
,
000
000
000
010
,
000
000
000
100
,
000
000
000
001
,
000
000
000
101
,
000
000
000
001
,
000
000
000
101
,
000
000
000
100
,
000
000
000
010
,
000
000
000
100
,
000
000
000
100
,
000
000
000
011
,
000
000
000
100
,
000
000
000
011
,
000
000
000
100
,
000
000
000
011
,
000
000
000
011
,
000
000
000
111
,
000
000
000
011
,
000
000
000
111
,
000
000
000
010
,
000
000
000
100
,
000
000
000
111
,
000
000
000
011
,
000
000
000
111
,
000
000
000
001
,
000
000
000
001
,
000
000
000
010
,
000
000
000
101
,
000
000
000
010
,
000
000
000
100
,
000
000
000
010
,
000
000
000
001
,
000
000
000
111