TITLE:Yablochko
OFFSET:0.000000
BPMS:300.000000

NOTES:
010
000
000
000
,
010
000
000
000
,
100
000
000
000
,
000
000
000
000
,
001
000
000
000
,
000
000
000
000
,
010
000
000
000
,
020
000
000
000
,
100
000
000
000
,
000
000
000
000
,
010
000
000
000
,
000
000
000
000
,
001
000
000
000
,
010
000
001
000
,
210
000
000
000
,
101
000
000
000
,
212
000
000
000
,
101
000
000
000
,
222
000
000
000
,
000
000
000
000
,
100
000
000
000
,
011
000
000
000
,
100
000
000
000
,
011
000
000
000
,
103
000
000
000
,
220
000
000
000
,
001
000
000
000
,
122
000
000
000
,
011
000
000
000
,
101
000
000
000
,
010
000
000
000
,
010
000
000
000
,
101
000
000
000
,
211
000
000
200
,
021
000
000
000
,
221
000
000
000
,
112
000
000
000
,
201
000
000
000
,
110
000
000
000
,
001
000
000
000
,
110
000
000
000
,
001
000
000
000
,
110
000
000
000
,
001
000
000
000
,
110
000
000
000
,
221
000
110
000
,
011
000
000
000
,
110
000
000
000
,
111
000
000
000
,
002
000
000
000
,
111
000
000
000
,
300
000
000
000
,
111
000
100
000
,
100
000
000
000
,
001
000
000
000
,
110
000
000
000
,
111
000
000
000
,
121
000
000
000
,
211
000
000
000
,
112
000
000
000
,
111
000
000
000
,
010
000
000
000
,
211
000
000
000
,
010
000
000
000
,
111
000
000
000
,
212
000
000
000
,
111
000
000
000
,
212
000
000
000
,
212
000
101
000
,
101
000
000
000
,
121
000
000
000
,
110
000
000
000
,
111
000
000
000
,
110
000
000
000
,
112
000
000
000
,
112
000
000
000
,
212
000
000
000
,
010
000
000
000
,
011
000
000
000
,
112
000
000
000
,
121
000
000
000
,
200
000
000
000
,
111
000
000
000
,
222
000
000
000
,
211
000
100
000
,
121
000
000
000
,
021
000
000
000
,
211
000
000
000
,
111
000
000
000
,
110
000
000
000
,
211
000
000
000
,
112
000
000
000
,
111
000
000
000
,
212
000
000
000
,
201
000
000
000
,
000
000
000
000
,
111
000
000
000