TITLE:The Cossacks
OFFSET:0.000000
BPMS:300.000000

NOTES:
110
000
000
000
,
000
110
000
110
,
000
000
000
110
,
000
000
000
110
,
000
000
000
003
,
000
000
000
110
,
000
000
000
003
,
000
000
000
110
,
000
000
000
003
,
000
110
000
110
,
000
000
000
110
,
000
000
000
110
,
000
000
000
003
,
000
000
000
110
,
000
000
000
000
,
000
000
000
111
,
000
000
000
000
,
000
111
000
111
,
000
000
000
111
,
000
000
000
111
,
000
000
000
000
,
000
000
000
111
,
000
000
000
000
,
000
000
000
000
,
000
000
000
111
,
000
000
000
000
,
000
111
000
111
,
000
000
000
111
,
000
000
000
111
,
000
000
000
000
,
000
000
000
111
,
000
000
000
000
,
000
000
000
000
,
000
000
000
110
,
000
000
000
000
,
000
110
000
110
,
000
000
000
110
,
000
000
000
110
,
000
000
000
000
,
000
000
000
000
,
000
000
000
110
,
000
000
000
003
,
000
000
000
110
,
000
000
000
003
,
000
110
000
110
,
000
000
000
110
,
000
000
000
110
,
000
000
000
010
,
000
000
000
110
,
000
000
000
111
,
000
111
000
111
,
000
000
000
111
,
000
000
000
111
,
000
000
000
111
,
000
000
000
111
,
000
111
000
111
,
000
000
000
111
,
000
000
000
111
,
000
000
000
011
,
000
000
000
111
,
000
000
000
100
,
000
000
000
100
,
000
000
000
100
,
000
100
000
100
,
000
000
000
100
,
000
000
000
100
,
000
000
000
000
,
000
000
000
100
,
000
000
000
100
,
000
000
000
100
,
000
000
000
100
,
000
000
000
100
,
000
100
000
100
,
000
100
000
100
,
000
000
000
003
,
000
000
000
000
,
000
000
000
100
,
000
000
000
100
,
000
000
000
100